101 R_Fx 128 32 64 0
102 L_Fx 128 32 64 0
103 R_CgC 232 232 0 0
104 L_CgC 232 232 0 0
105 R_CgH 232 232 0 0
106 L_CgH 232 232 0 0
107 R_CST 0 0 255 0
108 L_CST 0 0 255 0
109 R_ATR 0 255 0 0
110 L_ATR 0 255 0 0
115 R_Unc 0 178 238 0
116 L_Unc 0 178 238 0
117 R_ILF 160 32 240 0
118 L_ILF 160 32 240 0
119 R_IFO 96 222 32 0
120 L_IFO 96 222 32 0
121 Fmaj 255 0 0 0
122 Fmin 255 0 0 0
123 CC 255 0 0 0
133 R_SLF 32 222 222 0
134 L_SLF 32 222 222 0
135 R_tSLF 32 222 222 0
136 L_tSLF 32 222 222 0
137 R_pSLF 32 222 222 0
138 L_pSLF 32 222 222 0
139 R_OR 20 20 20 0
140 L_OR 20 20 20 0
141 R_SCS 255 128 0 0
142 L_SCS 255 128 0 0
143 R_fSCS 255 128 0 0
144 L_fSCS 255 128 0 0
145 R_pSCS 255 128 0 0
146 L_pSCS 255 128 0 0
147 R_SIFC 240 128 128 0
148 L_SIFC 240 128 128 0
149 R_IFSFC 222 32 64 0
150 L_IFSFC 222 32 64 0
1014 R_Fxcut 60 60 60 0
1024 L_Fxcut 60 60 60 0
2000 AllFibers 225 169 95 0
2001 R_AllFibnoCC 225 169 95 0
2002 L_AllFibnoCC 225 169 95 0
2003 R_AllFib 225 169 95 0
2004 L_AllFib 225 169 95 0
